s,us,chegada,envio,delay_ms,jitter_ms
1616388789,401952,1616388789603,1616388789401,202,0
1616388789,903948,1616388790004,1616388789903,101,101
1616388790,405948,1616388790521,1616388790405,116,15
1616388790,907948,1616388791137,1616388790907,230,114
1616388791,409948,1616388791545,1616388791409,136,94
1616388791,911948,1616388792057,1616388791911,146,10
1616388792,413948,1616388792057,1616388792413,0,146
1616388792,915948,1616388793082,1616388792915,167,167
1616388793,417948,1616388793697,1616388793417,280,113
1616388793,919948,1616388794017,1616388793919,98,182
1616388794,419948,1616388794618,1616388794419,199,101
1616388794,921948,1616388795232,1616388794921,311,112
1616388795,423948,1616388795054,1616388795423,0,311
1616388795,925948,1616388796154,1616388795925,229,229
1616388796,427948,1616388796564,1616388796427,137,92
1616388796,929948,1616388797076,1616388796929,147,10
1616388797,431948,1616388797069,1616388797431,0,147
1616388797,933948,1616388798001,1616388797933,68,68
1616388798,435948,1616388798612,1616388798435,177,109
1616388798,937948,1616388799226,1616388798937,289,112
1616388799,439948,1616388799636,1616388799439,197,92
1616388799,941948,1616388800148,1616388799941,207,10
1616388800,442948,1616388800066,1616388800442,0,207
1616388800,944948,1616388801069,1616388800944,125,125
1616388801,446948,1616388801684,1616388801446,238,113
1616388801,948948,1616388802196,1616388801948,248,10
1616388802,450948,1616388802081,1616388802450,0,248
1616388802,952948,1616388803117,1616388802952,165,165
1616388803,454948,1616388803732,1616388803454,278,113
1616388803,956948,1616388804141,1616388803956,185,93
1616388804,458948,1616388804653,1616388804458,195,10
1616388804,960948,1616388805165,1616388804960,205,10
1616388805,461948,1616388805678,1616388805461,217,12
1616388805,963948,1616388806086,1616388805963,123,94
1616388806,465948,1616388806599,1616388806465,134,11
1616388806,967948,1616388807213,1616388806967,246,112
1616388807,469948,1616388807622,1616388807469,153,93
1616388807,971948,1616388808135,1616388807971,164,11
1616388808,473948,1616388808749,1616388808473,276,112
1616388808,975948,1616388809159,1616388808975,184,92
1616388809,477948,1616388809671,1616388809477,194,10
1616388809,979948,1616388810183,1616388809979,204,10
1616388810,480948,1616388810797,1616388810480,317,113
1616388810,982948,1616388811104,1616388810982,122,195
1616388811,484948,1616388811617,1616388811484,133,11
1616388811,986948,1616388812128,1616388811986,142,9
1616388812,488948,1616388812664,1616388812488,176,34
1616388812,990948,1616388813152,1616388812990,162,14
1616388813,492948,1616388813664,1616388813492,172,10
1616388813,994948,1616388814176,1616388813994,182,10
1616388814,496948,1616388814791,1616388814496,295,113
1616388814,998948,1616388815201,1616388814998,203,92
1616388815,500948,1616388815815,1616388815500,315,112
1616388816,2948,1616388816122,1616388816002,120,195
1616388816,504948,1616388816634,1616388816504,130,10
1616388817,6948,1616388817248,1616388817006,242,112
1616388817,508948,1616388817658,1616388817508,150,92
1616388818,10948,1616388818017,1616388818010,7,143
1616388818,512948,1616388818784,1616388818512,272,265
1616388819,14948,1616388819194,1616388819014,180,92
1616388819,516948,1616388819706,1616388819516,190,10
1616388820,18948,1616388820217,1616388820018,199,9
1616388820,520948,1616388820073,1616388820520,0,199
1616388821,22948,1616388821014,1616388821022,0,0
1616388821,524948,1616388821652,1616388821524,128,128
1616388822,26948,1616388822266,1616388822026,240,112
1616388822,528948,1616388822676,1616388822528,148,92
1616388823,30948,1616388823188,1616388823030,158,10
1616388823,532948,1616388823802,1616388823532,270,112
1616388824,34948,1616388824211,1616388824034,177,93
1616388824,536948,1616388824724,1616388824536,188,11
1616388825,38948,1616388825337,1616388825038,299,111
1616388825,540948,1616388825748,1616388825540,208,91
1616388826,42948,1616388826157,1616388826042,115,93
1616388826,544948,1616388826772,1616388826544,228,113
1616388827,46948,1616388827182,1616388827046,136,92
1616388827,548948,1616388827693,1616388827548,145,9
1616388828,50948,1616388828205,1616388828050,155,10
1616388828,552948,1616388828718,1616388828552,166,11
1616388829,54948,1616388829229,1616388829054,175,9
1616388829,556948,1616388829844,1616388829556,288,113
1616388830,58948,1616388830253,1616388830058,195,93
1616388830,560948,1616388830767,1616388830560,207,12
1616388831,61948,1616388831175,1616388831061,114,93
1616388831,563948,1616388831789,1616388831563,226,112
1616388832,65948,1616388832199,1616388832065,134,92
1616388832,567948,1616388832711,1616388832567,144,10
1616388833,69948,1616388833223,1616388833069,154,10
1616388833,571948,1616388833735,1616388833571,164,10
1616388834,73948,1616388834247,1616388834073,174,10
1616388834,575948,1616388834861,1616388834575,286,112
1616388835,77947,1616388835271,1616388835077,194,92
1616388835,579947,1616388835783,1616388835579,204,10
1616388836,80947,1616388836295,1616388836080,215,11
1616388836,582947,1616388836705,1616388836582,123,92
1616388837,84947,1616388837217,1616388837084,133,10
1616388837,586947,1616388837831,1616388837586,245,112
1616388838,88947,1616388838239,1616388838088,151,94
1616388838,590947,1616388838855,1616388838590,265,114
1616388839,92947,1616388839265,1616388839092,173,92
1616388839,594947,1616388839777,1616388839594,183,10
1616388840,96947,1616388840289,1616388840096,193,10
1616388840,598947,1616388840903,1616388840598,305,112
1616388841,99947,1616388841313,1616388841099,214,91
1616388841,601947,1616388841723,1616388841601,122,92
1616388842,103947,1616388842235,1616388842103,132,10
1616388842,605947,1616388842849,1616388842605,244,112
1616388843,107947,1616388843258,1616388843107,151,93
1616388843,609947,1616388843077,1616388843609,0,151
1616388844,111947,1616388844385,1616388844111,274,274
1616388844,613947,1616388844794,1616388844613,181,93
1616388845,114947,1616388845306,1616388845114,192,11
1616388845,616947,1616388845717,1616388845616,101,91
1616388846,117947,1616388846033,1616388846117,0,101
1616388846,619947,1616388846074,1616388846619,0,0
1616388847,121947,1616388847252,1616388847121,131,131
1616388847,623947,1616388847764,1616388847623,141,10
1616388848,125947,1616388848379,1616388848125,254,113
1616388848,627947,1616388848788,1616388848627,161,93
1616388849,129947,1616388849003,1616388849129,0,161