s,us,chegada,envio,delay_ms,jitter_ms
1616390550,819750,1616390551117,1616390550819,298,0
1616390551,821746,1616390552034,1616390551821,213,85
1616390552,823745,1616390552956,1616390552823,133,80
1616390553,825745,1616390553877,1616390553825,52,81
1616390554,827745,1616390554844,1616390554827,17,35
1616390555,829745,1616390555924,1616390555829,95,78
1616390556,831749,1616390556949,1616390556831,118,23
1616390557,833745,1616390557871,1616390557833,38,80
1616390558,835746,1616390558895,1616390558835,60,22
1616390559,837745,1616390560021,1616390559837,184,124
1616390560,839745,1616390560943,1616390560839,104,80
1616390561,841746,1616390561967,1616390561841,126,22
1616390562,843746,1616390562889,1616390562843,46,80
1616390563,845746,1616390563912,1616390563845,67,21
1616390564,847746,1616390564937,1616390564847,90,23
1616390565,849745,1616390565961,1616390565849,112,22
1616390566,851745,1616390566985,1616390566851,134,22
1616390567,853746,1616390568009,1616390567853,156,22
1616390568,855746,1616390569033,1616390568855,178,22
1616390569,857746,1616390569955,1616390569857,98,80
1616390570,859745,1616390571081,1616390570859,222,124
1616390571,862746,1616390572001,1616390571862,139,83
1616390572,864746,1616390572924,1616390572864,60,79
1616390573,866745,1616390573949,1616390573866,83,23
1616390574,868746,1616390574972,1616390574868,104,21
1616390575,870746,1616390575996,1616390575870,126,22
1616390576,872745,1616390577002,1616390576872,130,4
1616390577,874745,1616390577942,1616390577874,68,62
1616390578,876745,1616390578966,1616390578876,90,22
1616390579,878746,1616390579099,1616390579878,0,90
1616390580,880746,1616390581014,1616390580880,134,134
1616390581,882746,1616390581936,1616390581882,54,80
1616390582,884745,1616390582096,1616390582884,0,54
1616390583,886745,1616390583984,1616390583886,98,98
1616390584,888745,1616390585008,1616390584888,120,22
1616390585,890745,1616390585093,1616390585890,0,120
1616390586,892745,1616390587056,1616390586892,164,164
1616390587,894746,1616390588008,1616390587894,114,50
1616390588,896746,1616390589002,1616390588896,106,8
1616390589,898746,1616390590026,1616390589898,128,22
1616390590,900745,1616390591005,1616390590900,105,23
1616390591,902745,1616390592074,1616390591902,172,67
1616390592,904745,1616390592996,1616390592904,92,80
1616390593,906745,1616390594002,1616390593906,96,4
1616390594,908745,1616390594941,1616390594908,33,63
1616390595,910746,1616390596068,1616390595910,158,125
1616390596,912744,1616390596989,1616390596912,77,81
1616390597,914744,1616390598013,1616390597914,99,22
1616390598,916744,1616390599037,1616390598916,121,22
1616390599,917744,1616390599959,1616390599917,42,79
1616390600,919744,1616390600983,1616390600919,64,22
1616390601,921744,1616390602008,1616390601921,87,23
1616390602,923744,1616390603031,1616390602923,108,21
1616390603,925744,1616390604026,1616390603925,101,7
1616390604,927744,1616390604977,1616390604927,50,51
1616390605,929744,1616390606001,1616390605929,72,22
1616390606,931744,1616390607025,1616390606931,94,22
1616390607,933744,1616390608049,1616390607933,116,22
1616390608,935744,1616390609175,1616390608935,240,124
1616390609,937744,1616390610097,1616390609937,160,80