s,us,chegada,envio,delay_ms,jitter_ms
1616390382,323724,1616390382457,1616390382323,134,0
1616390383,325720,1616390383474,1616390383325,149,15
1616390384,327720,1616390384498,1616390384327,171,22
1616390385,329720,1616390385524,1616390385329,195,24
1616390386,331720,1616390386547,1616390386331,216,21
1616390387,332720,1616390387468,1616390387332,136,80
1616390388,334720,1616390388492,1616390388334,158,22
1616390389,336720,1616390389517,1616390389336,181,23
1616390390,338720,1616390390054,1616390390338,0,181
1616390391,340720,1616390391566,1616390391340,226,226
1616390392,341720,1616390392488,1616390392341,147,79
1616390393,343720,1616390393051,1616390393343,0,147
1616390394,345720,1616390394534,1616390394345,189,189
1616390395,347720,1616390395557,1616390395347,210,21
1616390396,349720,1616390396582,1616390396349,233,23
1616390397,351720,1616390397504,1616390397351,153,80
1616390398,353720,1616390398528,1616390398353,175,22
1616390399,355720,1616390399552,1616390399355,197,22
1616390400,357720,1616390400576,1616390400357,219,22
1616390401,359720,1616390401498,1616390401359,139,80
1616390402,361720,1616390402521,1616390402361,160,21
1616390403,363720,1616390403547,1616390403363,184,24
1616390404,365720,1616390404568,1616390404365,203,19
1616390405,367720,1616390405594,1616390405367,227,24
1616390406,369720,1616390406515,1616390406369,146,81
1616390407,371720,1616390407539,1616390407371,168,22
1616390408,373720,1616390408563,1616390408373,190,22
1616390409,375720,1616390409588,1616390409375,213,23
1616390410,377720,1616390410611,1616390410377,234,21
1616390411,379720,1616390411533,1616390411379,154,80
1616390412,381720,1616390412557,1616390412381,176,22
1616390413,383720,1616390413581,1616390413383,198,22
1616390414,385726,1616390414605,1616390414385,220,22
1616390415,387720,1616390415528,1616390415387,141,79
1616390416,389720,1616390416551,1616390416389,162,21
1616390417,391720,1616390417574,1616390417391,183,21
1616390418,393720,1616390418006,1616390418393,0,183
1616390419,395720,1616390419624,1616390419395,229,229
1616390420,397720,1616390420546,1616390420397,149,80
1616390421,399720,1616390421569,1616390421399,170,21
1616390422,401720,1616390422052,1616390422401,0,170
1616390423,403720,1616390423619,1616390423403,216,216
1616390424,405720,1616390424642,1616390424405,237,21
1616390425,407720,1616390425563,1616390425407,156,81
1616390426,409720,1616390426689,1616390426409,280,124
1616390427,411720,1616390427712,1616390427411,301,21
1616390428,413719,1616390428634,1616390428413,221,80
1616390429,416719,1616390429557,1616390429416,141,80
1616390430,418719,1616390430581,1616390430418,163,22
1616390431,420719,1616390431605,1616390431420,185,22
1616390432,422719,1616390432627,1616390432422,205,20
1616390433,424719,1616390433659,1616390433424,235,30
1616390434,426719,1616390434575,1616390434426,149,86
1616390435,428719,1616390435597,1616390435428,169,20
1616390436,430719,1616390436629,1616390436430,199,30
1616390437,432719,1616390437646,1616390437432,214,15
1616390438,434719,1616390438669,1616390438434,235,21
1616390439,436719,1616390439593,1616390439436,157,78
1616390440,438719,1616390440617,1616390440438,179,22
1616390441,440719,1616390441642,1616390441440,202,23