s,us,chegada,envio,delay_ms,jitter_ms
1616390113,623744,1616390113737,1616390113623,114,0
1616390114,125743,1616390114216,1616390114125,91,23
1616390114,627739,1616390114754,1616390114627,127,36
1616390115,129739,1616390115164,1616390115129,35,92
1616390115,631739,1616390115676,1616390115631,45,10
1616390116,133739,1616390116187,1616390116133,54,9
1616390116,635739,1616390116699,1616390116635,64,10
1616390117,137739,1616390117211,1616390117137,74,10
1616390117,639740,1616390117723,1616390117639,84,10
1616390118,141739,1616390118156,1616390118141,15,69
1616390118,643739,1616390118747,1616390118643,104,89
1616390119,145739,1616390119259,1616390119145,114,10
1616390119,647739,1616390119771,1616390119647,124,10
1616390120,149739,1616390120018,1616390120149,0,124
1616390120,651739,1616390120693,1616390120651,42,42
1616390121,153740,1616390121205,1616390121153,52,10
1616390121,655739,1616390121717,1616390121655,62,10
1616390122,157739,1616390122228,1616390122157,71,9
1616390122,659739,1616390122074,1616390122659,0,71
1616390123,161739,1616390123253,1616390123161,92,92
1616390123,663740,1616390123764,1616390123663,101,9
1616390124,165739,1616390124277,1616390124165,112,11
1616390124,667743,1616390124788,1616390124667,121,9
1616390125,168740,1616390125183,1616390125168,15,106
1616390125,670739,1616390125071,1616390125670,0,15
1616390126,172740,1616390126222,1616390126172,50,50
1616390126,674739,1616390126734,1616390126674,60,10
1616390127,176739,1616390127246,1616390127176,70,10
1616390127,678739,1616390127758,1616390127678,80,10
1616390128,180739,1616390128027,1616390128180,0,80
1616390128,682739,1616390128782,1616390128682,100,100
1616390129,184739,1616390129272,1616390129184,88,12
1616390129,686739,1616390129806,1616390129686,120,32
1616390130,187739,1616390130216,1616390130187,29,91
1616390130,689739,1616390130728,1616390130689,39,10
1616390131,191739,1616390131024,1616390131191,0,39
1616390131,693739,1616390131752,1616390131693,59,59
1616390132,195739,1616390132264,1616390132195,69,10
1616390132,697739,1616390132776,1616390132697,79,10
1616390133,199739,1616390133288,1616390133199,89,10
1616390133,701739,1616390133802,1616390133701,101,12
1616390134,203739,1616390134312,1616390134203,109,8
1616390134,705739,1616390134825,1616390134705,120,11
1616390135,206739,1616390135337,1616390135206,131,11
1616390135,708739,1616390135746,1616390135708,38,93
1616390136,210740,1616390136258,1616390136210,48,10
1616390136,712739,1616390136077,1616390136712,0,48
1616390137,214739,1616390137282,1616390137214,68,68
1616390137,716739,1616390137794,1616390137716,78,10
1616390138,218739,1616390138306,1616390138218,88,10
1616390138,720740,1616390138819,1616390138720,99,11
1616390139,222739,1616390139331,1616390139222,109,10
1616390139,724739,1616390139843,1616390139724,119,10
1616390140,225739,1616390140355,1616390140225,130,11
1616390140,727739,1616390140764,1616390140727,37,93
1616390141,229739,1616390141276,1616390141229,47,10
1616390141,731740,1616390141788,1616390141731,57,10
1616390142,233739,1616390142301,1616390142233,68,11
1616390142,735739,1616390142813,1616390142735,78,10
1616390143,237739,1616390143325,1616390143237,88,10
1616390143,739739,1616390143837,1616390143739,98,10
1616390144,241739,1616390144348,1616390144241,107,9
1616390144,743739,1616390144861,1616390144743,118,11
1616390145,246739,1616390145373,1616390145246,127,9
1616390145,748739,1616390145782,1616390145748,34,93
1616390146,250739,1616390146295,1616390146250,45,11
1616390146,752740,1616390146807,1616390146752,55,10
1616390147,254739,1616390147319,1616390147254,65,10
1616390147,756740,1616390147831,1616390147756,75,10
1616390148,258739,1616390148343,1616390148258,85,10
1616390148,760739,1616390148855,1616390148760,95,10
1616390149,262739,1616390149367,1616390149262,105,10
1616390149,764740,1616390149879,1616390149764,115,10
1616390150,266739,1616390150393,1616390150266,127,12
1616390150,768739,1616390150008,1616390150768,0,127
1616390151,270739,1616390151313,1616390151270,43,43
1616390151,772739,1616390151825,1616390151772,53,10
1616390152,274739,1616390152337,1616390152274,63,10
1616390152,776739,1616390152849,1616390152776,73,10
1616390153,278739,1616390153361,1616390153278,83,10
1616390153,780739,1616390153873,1616390153780,93,10
1616390154,282740,1616390154385,1616390154282,103,10
1616390154,784739,1616390154897,1616390154784,113,10
1616390155,286751,1616390155409,1616390155286,123,10
1616390155,787739,1616390155819,1616390155787,32,91
1616390156,289739,1616390156331,1616390156289,42,10
1616390156,791740,1616390156843,1616390156791,52,10
1616390157,293739,1616390157355,1616390157293,62,10
1616390157,795739,1616390157867,1616390157795,72,10
1616390158,297739,1616390158481,1616390158297,184,112
1616390158,799739,1616390158891,1616390158799,92,92
1616390159,301739,1616390159403,1616390159301,102,10
1616390159,803739,1616390159915,1616390159803,112,10
1616390160,305738,1616390160427,1616390160305,122,10
1616390160,806738,1616390160939,1616390160806,133,11
1616390161,308738,1616390161349,1616390161308,41,92
1616390161,810738,1616390161861,1616390161810,51,10
1616390162,312738,1616390162373,1616390162312,61,10
1616390162,814738,1616390162885,1616390162814,71,10
1616390163,316738,1616390163397,1616390163316,81,10
1616390163,818738,1616390163909,1616390163818,91,10
1616390164,320738,1616390164421,1616390164320,101,10
1616390164,822738,1616390164933,1616390164822,111,10
1616390165,324738,1616390165445,1616390165324,121,10
1616390165,825738,1616390165957,1616390165825,132,11
1616390166,327738,1616390166367,1616390166327,40,92
1616390166,829738,1616390166879,1616390166829,50,10
1616390167,331738,1616390167391,1616390167331,60,10
1616390167,833738,1616390167903,1616390167833,70,10
1616390168,335738,1616390168415,1616390168335,80,10
1616390168,837738,1616390168927,1616390168837,90,10
1616390169,339738,1616390169439,1616390169339,100,10
1616390169,841738,1616390169096,1616390169841,0,100
1616390170,343738,1616390170463,1616390170343,120,120
1616390170,845738,1616390170975,1616390170845,130,10
1616390171,347738,1616390171385,1616390171347,38,92
1616390171,849738,1616390171897,1616390171849,48,10
1616390172,351738,1616390172409,1616390172351,58,10
1616390172,853738,1616390172921,1616390172853,68,10
1616390173,355738,1616390173433,1616390173355,78,10